	 /  		    	    	    	    	    	    	    	    	    	    	    	    	    	    	    	    	    	    	    	    \
	|   	A   	R   	N   	D   	C   	E   	Q   	G   	H   	I   	L   	K   	M   	F   	P   	S   	T   	W   	Y   	V   	 |
	|  A 	3.97  	-3.58  	-1.82  	-10  	-10  	-10  	0.32  	-1.91  	-0.57  	0.32  	-0.51  	1.48  	-10  	-0.18  	-3.58  	1.09  	1.39  	-10  	-10  	0.18  	 |
	|  R 	-3.58  	3.36  	-10  	-2.67  	-10  	-10  	-1.32  	-0.73  	-4.29  	-10  	-10  	1.76  	-2.29  	0.5  	-10  	-2.91  	-3.93  	1.13  	0.51  	-2.22  	 |
	|  N 	-1.82  	-10  	3.08  	2.32  	-0.75  	-10  	-0.78  	-10  	2.13  	-10  	-6.28  	0.19  	-10  	-10  	0.32  	0.37  	-1.66  	-10  	-10  	0.62  	 |
	|  D 	-10  	-2.67  	2.32  	4.0  	-10  	1.97  	1.72  	-1.99  	0.12  	-10  	-10  	-0.89  	0.53  	-10  	0.79  	2.44  	1.21  	-10  	-10  	1.74  	 |
	|  C 	-10  	-10  	-0.75  	-10  	3.18  	-10  	-10  	-1.02  	-10  	-10  	-10  	-10  	-10  	-10  	-10  	-10  	-0.72  	-10  	-10  	-10  	 |
	|  E 	-10  	-10  	-10  	1.97  	-10  	2.85  	0.0  	2.32  	1.74  	0.74  	-1.91  	0.61  	0.62  	-10  	2.53  	2.66  	1.45  	-10  	-10  	0.78  	 |
	|  Q 	0.32  	-1.32  	-0.78  	1.72  	-10  	0.0  	3.0  	-1.23  	3.16  	1.58  	-0.84  	1.57  	2.21  	0.5  	-10  	2.07  	1.8  	-10  	-10  	2.8  	 |
	|  G 	-1.91  	-0.73  	-10  	-1.99  	-1.02  	2.32  	-1.23  	2.9  	-0.22  	-10  	-2.74  	-3.04  	-1.02  	1.59  	0.58  	-0.06  	-0.75  	-10  	-10  	-10  	 |
	|  H 	-0.57  	-4.29  	2.13  	0.12  	-10  	1.74  	3.16  	-0.22  	3.01  	-0.38  	0.73  	1.7  	0.92  	-0.14  	-10  	1.47  	0.01  	0.48  	-10  	0.13  	 |
S=	|  I 	0.32  	-10  	-10  	-10  	-10  	0.74  	1.58  	-10  	-0.38  	2.32  	3.14  	1.51  	3.62  	-10  	-10  	1.0  	-10  	-10  	-10  	2.37  	 |
	|  L 	-0.51  	-10  	-6.28  	-10  	-10  	-1.91  	-0.84  	-2.74  	0.73  	3.14  	2.56  	-0.64  	2.34  	-0.5  	-3.23  	0.68  	-1.67  	0.97  	-10  	-1.11  	 |
	|  K 	1.48  	1.76  	0.19  	-0.89  	-10  	0.61  	1.57  	-3.04  	1.7  	1.51  	-0.64  	3.23  	1.58  	-10  	-2.71  	0.46  	-0.09  	-10  	-10  	1.82  	 |
	|  M 	-10  	-2.29  	-10  	0.53  	-10  	0.62  	2.21  	-1.02  	0.92  	3.62  	2.34  	1.58  	3.38  	-0.47  	0.71  	1.3  	-0.31  	-0.84  	1.52  	1.57  	 |
	|  F 	-0.18  	0.5  	-10  	-10  	-10  	-10  	0.5  	1.59  	-0.14  	-10  	-0.5  	-10  	-0.47  	3.82  	-0.67  	-1.09  	0.63  	-1.22  	4.63  	0.6  	 |
	|  P 	-3.58  	-10  	0.32  	0.79  	-10  	2.53  	-10  	0.58  	-10  	-10  	-3.23  	-2.71  	0.71  	-0.67  	3.02  	0.55  	0.24  	-10  	2.32  	-0.08  	 |
	|  S 	1.09  	-2.91  	0.37  	2.44  	-10  	2.66  	2.07  	-0.06  	1.47  	1.0  	0.68  	0.46  	1.3  	-1.09  	0.55  	1.49  	2.5  	-0.46  	-10  	2.29  	 |
	|  T 	1.39  	-3.93  	-1.66  	1.21  	-0.72  	1.45  	1.8  	-0.75  	0.01  	-10  	-1.67  	-0.09  	-0.31  	0.63  	0.24  	2.5  	2.55  	-10  	0.29  	2.11  	 |
	|  W 	-10  	1.13  	-10  	-10  	-10  	-10  	-10  	-10  	0.48  	-10  	0.97  	-10  	-0.84  	-1.22  	-10  	-0.46  	-10  	4.68  	-10  	-10  	 |
	|  Y 	-10  	0.51  	-10  	-10  	-10  	-10  	-10  	-10  	-10  	-10  	-10  	-10  	1.52  	4.63  	2.32  	-10  	0.29  	-10  	4.12  	1.37  	 |
	|  V 	0.18  	-2.22  	0.62  	1.74  	-10  	0.78  	2.8  	-10  	0.13  	2.37  	-1.11  	1.82  	1.57  	0.6  	-0.08  	2.29  	2.11  	-10  	1.37  	2.75  	 |
	 \  		    	    	    	    	    	    	    	    	    	    	    	    	    	    	    	    	    	    	    	    /
